0
1
2
3
4
6
7
10
11
13
16
20
21
25
27
30
32
33
34
35
37
38
39
42
44
45
46
47
48
49
50
51
52
54
55
56
58
59
60
64
65
66
67
70
71
72
73
75
76
77
78
79
80
81
82
83
84
85
89
91
92
95
97
98
99
100
102
103
104
105
106
107
108
111
113
114
115
116
117
118
119
121
122
125
126
128
131
134
135
137
138
139
140
141
142
143
145
147
148
150
152
154
156
157
159
160
161
162
163
164
165
167
168
169
170
172
173
174
176
177
178
179
180
181
182
183
185
186
187
188
189
191
192
193
194
196
197
198
201
202
203
205
206
207
208
209
210
211
213
214
216
218
219
220
221
222
223
224
225
226
228
229
230
235
237
238
239
240
243
244
245
246
247
248
249
250
251
252
254
255
257
258
259
260
261
262
263
265
266
271
272
277
278
279
280
281
282
283
284
285
286
287
288
292
293
294
295
297
298
300
302
303
304
305
306
307
308
309
312
313
314
317
318
320
321
322
323
324
327
328
329
330
331
332
333
334
335
338
339
340
341
342
345
346
347
348
351
352
354
355
359
360
362
363
364
365
367
368
370
371
372
375
376
379
380
381
383
388
390
391
395
396
398
399
400
401
402
403
404
405
406
407
410
412
413
415
416
418
419
420
422
423
424
428
429
430
431
432
434
436
437
439
440
441
444
446
447
448
449
450
451
452
454
458
459
461
463
464
465
466
467
469
470
472
473
474
477
478
479
480
485
486
487
489
491
492
493
494
495
496
497
500
501
502
504
505
506
507
508
509
510
511
512
513
514
515
516
517
518
520
522
524
525
526
527
528
529
531
532
533
534
537
538
539
540
541
542
543
544
546
547
548
551
553
554
558
562
564
565
566
567
569
570
571
572
574
576
577
578
579
580
582
583
584
585
587
588
589
590
592
593
594
595
596
597
598
599
600
601
602
603
604
606
608
609
610
611
612
614
618
620
621
625
628
629
631
633
635
636
637
639
641
643
644
646
647
648
651
652
653
655
656
657
658
659
660
661
663
664
665
667
668
669
671
672
673
675
677
681
682
684
685
688
690
692
693
694
696
697
699
700
701
703
704
705
708
710
711
712
713
715
717
718
720
721
725
726
727
728
729
732
733
736
737
739
740
743
744
745
749
751
752
755
757
758
759
764
766
767
768
769
770
771
772
773
776
777
778
779
780
783
784
785
786
787
789
791
792
793
795
796
797
800
801
804
805
806
807
808
809
810
811
812
813
817
820
821
822
823
824
825
826
827
828
832
833
834
835
837
840
841
842
843
844
845
848
852
853
854
855
856
857
859
861
862
863
865
867
872
873
874
875
877
878
879
880
881
883
884
885
886
887
890
892
893
896
897
899
901
902
904
905
907
908
912
914
916
917
918
920
921
922
924
926
927
928
929
930
931
932
934
935
938
939
940
941
942
946
949
950
953
954
955
956
957
960
961
962
964
965
967
968
969
970
975
977
979
983
984
985
986
990
992
993
994
995
997
998
1000
1002
1003
1006
1007
1009
1010
1011
1013
1014
1016
1017
1018
1019
1022
1023
1025
1026
1028
1030
1034
1035
1037
1039
1041
1042
1043
1044
1046
1049
1050
1054
1057
1059
1060
1061
1062
1063
1064
1066
1067
1068
1069
1070
1071
1072
1073
1074
1075
1076
1077
1078
1079
1080
1082
1083
1084
1085
1087
1088
1089
1090
1091
1092
1094
1098
1099
1102
1103
1106
1107
1109
1111
1112
1113
1114
1118
1119
1124
1127
1128
1130
1131
1132
1133
1134
1136
1137
1139
1140
1141
1144
1147
1148
1152
1153
1154
1155
1157
1158
1159
1160
1161
1163
1164
1166
1168
1169
1170
1173
1174
1175
1177
1180
1181
1182
1183
1184
1185
1187
1188
1189
1190
1191
1192
1194
1196
1198
1201
1202
1203
1204
1207
1208
1210
1211
1212
1214
1215
1216
1217
1218
1219
1222
1224
1226
1227
1228
1229
1230
1234
1235
1236
1239
1240
1241
1243
1245
1246
1247
1248
1251
1252
1254
1255
1257
1258
1259
1260
1261
1262
1266
1267
1271
1272
1275
1276
1277
1278
1280
1281
1282
1283
1284
1286
1287
1288
1291
1293
1295
1296
1297
1298
1299
1300
1301
1303
1304
1307
1308
1309
1310
1313
1317
1318
1320
1321
1323
1324
1325
1326
1327
1328
1331
1332
1333
1334
1335
1336
1337
1339
1340
1341
1342
1343
1344
1345
1346
1348
1349
1350
1351
1352
1353
1354
1356
1357
1358
1360
1361
1362
1363
1365
1366
1367
1369
1371
1372
1373
1374
1375
1376
1377
1378
1379
1380
1381
1382
1383
1385
1386
1387
1388
1389
1390
1391
1392
1393
1394
1396
1397
1398
1399
1400
1401
1402
1403
1404
1406
1407
1408
1409
1410
1411
1412
1413
1414
1415
1417
1420
1421
1423
1424
1425
1426
1428
1429
1430
1431
1432
1433
1434
1436
1437
1438
1439
1442
1444
1447
1448
1452
1453
1455
1456
1457
1459
1460
1465
1466
1469
1471
1473
1474
1476
1477
1478
1480
1481
1482
1483
1484
1486
1487
1489
1490
1491
1492
1494
1495
1496
1497
1498
1499
1501
1502
1503
1504
1507
1508
1510
1511
1512
1514
1515
1516
1522
1524
1526
1527
1528
1529
1530
1531
1534
1537
1538
1542
1543
1545
1546
1549
1551
1552
1553
1554
1555
1556
1557
1559
1561
1562
1564
1565
1566
1567
1568
1571
1572
1573
1574
1576
1577
1581
1582
1586
1588
1590
1591
1592
1597
1599
1601
1602
1604
1605
1606
1607
1609
1610
1611
1614
1615
1618
1619
1620
1621
1622
1623
1625
1626
1627
1628
1631
1632
1633
1634
1635
1637
1638
1639
1640
1641
1642
1643
1644
1645
1647
1649
1651
1652
1653
1654
1656
1657
1660
1661
1663
1664
1666
1667
1669
1671
1673
1674
1676
1679
1680
1681
1682
1684
1687
1688
1690
1691
1693
1695
1696
1697
1702
1703
1704
1706
1710
1711
1713
1715
1716
1717
1718
1719
1720
1721
1723
1726
1727
1728
1729
1730
1731
1733
1734
1735
1736
1737
1738
1741
1743
1744
1746
1747
1748
1750
1751
1752
1754
1755
1756
1757
1759
1760
1761
1762
1763
1764
1766
1767
1769
1770
1773
1774
1776
1779
1780
1781
1783
1784
1787
1789
1792
1793
1797
1798
1800
1801
1802
1804
1809
1811
1812
1813
1814
1816
1818
1819
1820
1822
1825
1827
1828
1830
1831
1832
1833
1835
1837
1838
1839
1840
1841
1844
1847
1848
1849
1850
1853
1854
1856
1857
1858
1860
1861
1863
1865
1866
1867
1869
1870
1871
1872
1873
1874
1875
1876
1877
1878
1881
1882
1883
1884
1885
1886
1887
1888
1889
1890
1891
1894
1895
1896
1897
1898
1899
1901
1902
1903
1906
1907
1908
1910
1911
1914
1915
1917
1918
1919
1920
1921
1923
1924
1925
1926
1927
1928
1931
1932
1933
1934
1935
1937
1938
1939
1940
1941
1942
1943
1944
1945
1948
1951
1952
1953
1954
1955
1956
1957
1958
1960
1961
1962
1963
1964
1965
1966
1967
1968
1969
1970
1972
1973
1974
1975
1977
1980
1981
1983
1985
1987
1988
1990
1991
1992
1993
1995
1996
1997
1999
2000
2001
2002
2003
2007
2008
2009
2011
2012
2013
2014
2015
2016
2017
2022
2023
2024
2025
2029
2030
2032
2033
2034
2035
2036
2038
2040
2043
2044
2045
2046
2048
2049
2050
2052
2053
2054
2055
2057
2058
2059
2060
2061
2062
2064
2065
2066
2067
2069
2070
2071
2072
2074
2076
2077
2080
2084
2085
2086
2087
2089
2090
2091
2092
2093
2095
2099
2100
2101
2103
2104
2105
2106
2108
2109
2113
2114
2115
2117
2120
2121
2122
2123
2124
2125
2126
2127
2128
2129
2130
2131
2133
2134
2135
2136
2137
2139
2140
2143
2144
2148
2149
2150
2152
2156
2157
2160
2161
2162
2164
2165
2166
2167
2168
2170
2171
2172
2174
2175
2176
2177
2178
2179
2181
2188
2189
2191
2192
2193
2194
2195
2198
2199
2201
2202
2203
2204
2205
2208
2211
2212
2213
2215
2216
2218
2219
2220
2223
2225
2228
2229
2231
2235
2238
2241
2242
2243
2244
2245
2247
2248
2249
2251
2252
2253
2254
2255
2256
2257
2258
2259
2260
2262
2264
2265
2266
2267
2269
2270
2271
2273
2274
2275
2276
2278
2279
2281
2282
2284
2286
2289
2290
2291
2292
2294
2297
2298
2300
2303
2304
2305
2306
2310
2311
2313
2314
2315
2318
2319
2320
2322
2323
2324
2326
2328
2329
2330
2333
2334
2337
2341
2343
2344
2345
2346
2348
2351
2352
2353
2354
2355
2356
2358
2359
2360
2362
2364
2365
2366
2367
2368
2369
2371
2373
2375
2377
2378
2380
2381
2383
2384
2385
2386
2387
2388
2389
2390
2391
2392
2393
2394
2395
2396
2397
2398
2399
2403
2404
2405
2406
2407
2408
2409
2410
2411
2412
2413
2414
2416
2417
2418
2419
2424
2425
2426
2427
2428
2429
2430
2431
2432
2434
2435
2436
2437
2438
2439
2442
2443
2444
2445
2446
2448
2449
2450
2451
2452
2454
2456
2457
2458
2459
2461
2462
2463
2464
2465
2466
2467
2469
2471
2473
2474
2475
2476
2477
2478
2479
2480
2481
2482
2483
2485
2486
2487
2488
2489
2490
2491
2492
2494
2496
2497
2499
2500
2501
2502
2503
2504
2505
2506
2507
2508
2510
2511
2512
2513
2515
2518
2520
2526
2527
2528
2529
2531
2532
2533
2534
2535
2536
2537
2538
2539
2540
2541
2543
2544
2545
2546
2548
2553
2554
2558
2560
2562
2564
2566
2567
2568
2569
2571
2572
2573
2574
2576
2577
2578
2579
2580
2581
2584
2585
2586
2587
2588
2589
2590
2592
2594
2595
2597
2598
2599
2600
2601
2603
2604
2605
2608
2610
2611
2612
2613
2614
2615
2616
2618
2619
2620
2621
2623
2624
2625
2628
2629
2630
2632
2633
2635
2636
2637
2638
2641
2642
2643
2644
2645
2647
2648
2649
2650
2651
2653
2654
2655
2656
2659
2660
2661
2662
2665
2666
2668
2671
2672
2674
2675
2676
2678
2679
2683
2684
2685
2686
2687
2688
2689
2691
2694
2696
2698
2699
2700
2701
2702
2703
2704
2706
2707
2708
2709
2712
2713
2715
2717
2718
2719
2720
2721
2722
2723
2724
2725
2726
2727
2731
2732
2734
2736
2738
2739
2740
2741
2742
2744
2748
2749
2750
2752
2754
2755
2756
2757
2758
2759
2760
2762
2765
2766
2767
2769
2770
2771
2772
2773
2774
2775
2776
2777
2778
2779
2780
2782
2784
2785
2786
2787
2788
2789
2790
2792
2793
2796
2797
2798
2802
2805
2807
2810
2811
2814
2815
2816
2818
2828
2829
2830
2831
2832
2833
2834
2835
2836
2837
2838
2839
2841
2842
2843
2844
2848
2851
2852
2853
2854
2856
2857
2858
2859
2860
2862
2863
2864
2865
2866
2867
2868
2870
2871
2872
2874
2875
2876
2877
2879
2881
2883
2884
2885
2887
2888
2890
2891
2892
2893
2894
2895
2896
2897
2898
2901
2903
2906
2907
2908
2909
2911
2912
2914
2915
2916
2919
2920
2921
2922
2923
2925
2926
2928
2929
2931
2932
2933
2934
2935
2936
2937
2938
2940
2941
2943
2946
2948
2949
2950
2951
2952
2955
2956
2958
2959
2960
2961
2962
2963
2964
2965
2966
2967
2970
2972
2973
2974
2975
2976
2977
2978
2979
2982
2983
2984
2986
2987
2988
2989
2990
2991
2992
2993
2994
2995
2996
2998
2999
3003
3005
3007
3008
3009
3010
3011
3013
3014
3015
3016
3017
3019
3021
3022
3023
3026
3027
3031
3032
3033
3034
3036
3037
3038
3039
3041
3042
3043
3044
3045
3046
3047
3049
3050
3051
3053
3056
3057
3059
3060
3061
3064
3065
3067
3068
3070
3072
3073
3074
3075
3076
3078
3080
3081
3082
3083
3085
3086
3087
3089
3090
3092
3093
3094
3098
3099
3100
3101
3103
3105
3106
3107
3110
3111
3114
3116
3117
3118
3119
3121
3122
3123
3124
3126
3127
3128
3129
3130
3131
3133
3134
3135
3138
3139
3140
3141
3142
3144
3145
3146
3148
3152
3153
3154
3156
3157
3164
3165
3166
3168
3169
3170
3171
3175
3176
3177
3178
3179
3180
3181
3184
3185
3186
3187
3189
3190
3191
3193
3194
3195
3196
3198
3200
3203
3205
3206
3207
3209
3210
3213
3215
3217
3218
3220
3222
3223
3225
3227
3228
3229
3231
3232
3233
3239
3240
3242
3244
3246
3247
3248
3249
3251
3252
3253
3254
3255
3256
3258
3260
3261
3262
3263
3264
3265
3267
3270
3272
3274
3276
3277
3278
3279
3283
3285
3287
3292
3293
3294
3295
3299
3301
3302
3304
3305
3307
3308
3309
3310
3311
3312
3313
3314
3315
3316
3319
3320
3321
3323
3325
3326
3327
3328
3330
3331
3333
3334
3335
3336
3337
3339
3340
3342
3344
3347
3348
3349
3351
3352
3353
3354
3355
3356
3357
3358
3359
3360
3361
3362
3364
3365
3369
3370
3371
3372
3373
3374
3377
3378
3379
3380
3382
3383
3386
3387
3388
3389
3390
3392
3394
3395
3396
3399
3400
3403
3404
3405
3406
3408
3409
3410
3411
3413
3414
3415
3418
3419
3420
3421
3422
3423
3424
3426
3427
3429
3432
3433
3435
3437
3438
3439
3440
3441
3442
3443
3444
3445
3446
3447
3448
3452
3453
3456
3457
3458
3459
3460
3461
3465
3466
3467
3468
3469
3470
3471
3472
3475
3479
3480
3481
3483
3484
3485
3486
3487
3488
3489
3490
3491
3492
3493
3494
3495
3496
3497
3498
3499
3500
3501
3503
3504
3506
3507
3508
3510
3511
3512
3513
3514
3515
3516
3517
3518
3520
3522
3524
3526
3528
3530
3532
3533
3534
3535
3536
3537
3538
3540
3541
3542
3543
3544
3545
3547
3548
3549
3550
3552
3553
3555
3558
3559
3560
3561
3562
3563
3564
3565
3566
3567
3568
3569
3571
3572
3573
3574
3575
3577
3579
3580
3581
3582
3583
3584
3585
3586
3587
3588
3590
3591
3592
3593
3594
3595
3597
3598
3600
3604
3605
3608
3611
3612
3614
3615
3616
3619
3620
3621
3622
3623
3624
3626
3627
3629
3631
3633
3635
3637
3639
3640
3641
3643
3647
3650
3651
3652
3653
3654
3655
3656
3657
3658
3659
3660
3664
3665
3668
3669
3671
3674
3677
3678
3679
3680
3681
3683
3685
3686
3688
3689
3690
3691
3693
3694
3698
3699
3700
3701
3702
3703
3704
3705
3708
3709
3710
3712
3713
3714
3717
3718
3719
3721
3723
3725
3727
3729
3731
3732
3733
3734
3735
3737
3739
3740
3741
3742
3743
3744
3745
3746
3747
3748
3750
3751
3752
3753
3755
3757
3758
3761
3763
3768
3769
3770
3771
3772
3774
3775
3776
3777
3778
3779
3783
3784
3786
3787
3789
3790
3791
3793
3795
3796
3799
3800
3802
3805
3806
3807
3808
3810
3811
3812
3813
3814
3818
3819
3820
3821
3822
3824
3826
3827
3828
3830
3831
3832
3833
3835
3836
3839
3841
3842
3845
3846
3848
3851
3852
3853
3854
3856
3857
3860
3861
3863
3864
3868
3869
3870
3871
3872
3873
3874
3875
3876
3877
3878
3879
3881
3882
3883
3885
3886
3890
3892
3894
3895
3896
3899
3900
3901
3902
3905
3906
3907
3908
3909
3910
3911
3912
3915
3916
3917
3918
3920
3921
3922
3923
3925
3926
3927
3928
3929
3930
3931
3934
3935
3936
3937
3938
3939
3944
3946
3948
3949
3951
3952
3953
3954
3956
3958
3959
3960
3961
3962
3964
3965
3967
3968
3969
3971
3972
3973
3975
3977
3981
3984
3985
3987
3989
3991
3992
3993
3994
3995
3998
3999
4001
4002
4004
4005
4008
4009
4010
4011
4013
4014
4017
4018
4020
4024
4025
4027
4028
4029
4030
4032
4033
4034
4035
4037
4038
4039
4040
4042
4043
4045
4046
4047
4048
4049
4050
4051
4052
4053
4055
4057
4060
4061
4062
4063
4064
4065
4067
4069
4071
4074
4075
4076
4077
4079
4080
4085
4086
4088
4089
4090
4093
4095
4096
4097
4098
4099
4100
4102
4104
4105
4106
4107
4108
4109
4111
4113
4114
4115
4117
4118
4119
4120
4121
4122
4124
4126
4128
4130
4134
4137
4138
4140
4141
4143
4145
4146
4147
4149
4150
4151
4152
4154
4155
4157
4158
4159
4161
4162
4163
4165
4167
4168
4169
4170
4171
4172
4173
4174
4177
4178
4179
4180
4181
4183
4186
4189
4190
4191
4192
4193
4197
4198
4203
4204
4205
4206
4209
4210
4212
4215
4216
4217
4218
4219
4220
4221
4223
4224
4225
4226
4227
4229
4230
4231
4232
4233
4234
4235
4236
4237
4238
4239
4243
4245
4246
4247
4248
4249
4250
4251
4252
4253
4254
4257
4258
4259
4261
4263
4266
4267
4268
4269
4272
4273
4274
4277
4278
4279
4280
4281
4283
4284
4285
4286
4287
4288
4290
4291
4292
4295
4296
4298
4300
4301
4302
4303
4305
4306
4307
4308
4309
4310
4312
4313
4314
4318
4319
4320
4322
4324
4326
4327
4328
4329
4330
4332
4333
4334
4337
4338
4341
4342
4343
4344
4345
4346
4347
4350
4352
4354
4355
4356
4357
4358
4359
4360
4361
4362
4363
4364
4367
4368
4369
4371
4372
4374
4375
4376
4377
4378
4379
4380
4382
4383
4384
4385
4387
4388
4390
4391
4392
4395
4397
4398
4399
4401
4402
4403
4405
4406
4408
4409
4411
4413
4414
4415
4417
4418
4419
4420
4421
4422
4423
4424
4426
4430
4431
4433
4435
4436
4437
4438
4439
4440
4441
4442
4443
4445
4448
4449
4450
4451
4453
4456
4457
4458
4459
4461
4462
4463
4465
4468
4471
4473
4474
4475
4476
4477
4479
4480
4484
4485
4487
4489
4490
4491
4492
4495
4496
4499
4502
4504
4505
4506
4508
4510
4514
4517
4518
4520
4522
4523
4525
4526
4527
4528
4529
4531
4532
4535
4536
4539
4540
4542
4544
4545
4547
4548
4549
4550
4551
4552
4553
4554
4556
4557
4558
4559
4560
4562
4563
4564
4567
4568
4569
4570
4572
4573
4575
4577
4578
4579
4580
4581
4583
4584
4585
4586
4588
4589
4591
4592
4593
4594
4596
4597
4598
4599
4600
4601
4602
4603
4604
4605
4609
4610
4611
4613
4616
4617
4618
4619
4622
4623
4624
4625
4627
4628
4629
4630
4631
4632
4635
4636
4637
4638
4640
4641
4643
4644
4647
4650
4652
4655
4656
4657
4658
4659
4660
4662
4664
4667
4668
4671
4672
4673
4674
4677
4680
4682
4683
4684
4685
4686
4687
4688
4689
4691
4692
4693
4694
4696
4698
4699
4700
4701
4702
4704
4705
4706
4707
4709
4710
4711
4712
4713
4714
4715
4716
4717
4718
4719
4723
4724
4725
4726
4727
4728
4729
4731
4732
4733
4734
4735
4736
4737
4738
4741
4742
4743
4745
4748
4749
4752
4753
4755
4757
4758
4759
4760
4761
4762
4763
4764
4765
4766
4767
4771
4773
4777
4782
4783
4786
4787
4788
4789
4791
4792
4793
4794
4796
4797
4800
4801
4802
4803
4804
4805
4806
4807
4808
4811
4812
4813
4816
4818
4820
4822
4824
4825
4826
4827
4828
4829
4830
4832
4833
4837
4840
4842
4843
4846
4847
4848
4849
4850
4851
4853
4855
4856
4858
4859
4860
4862
4863
4864
4866
4867
4868
4869
4870
4871
4873
4874
4875
4878
4879
4881
4882
4883
4884
4885
4886
4889
4892
4893
4895
4896
4897
4898
4900
4902
4903
4906
4907
4908
4911
4913
4916
4917
4918
4919
4920
4921
4923
4924
4926
4927
4928
4930
4931
4932
4934
4935
4937
4939
4941
4943
4945
4946
4948
4949
4950
4951
4952
4953
4955
4956
4958
4959
4961
4962
4963
4966
4969
4971
4972
4975
4976
4979
4982
4984
4985
4986
4990
4991
4992
4993
4994
4995
4997
4998
4999
5002
5003
5004
5005
5009
5011
5012
5014
5017
5018
5019
5021
5023
5026
5028
5029
5033
5034
5035
5036
5037
5039
5041
5042
5043
5044
5046
5047
5048
5050
5051
5052
5054
5055
5056
5057
5058
5059
5060
5061
5062
5063
5064
5066
5068
5069
5070
5072
5073
5074
5075
5076
5077
5078
5079
5080
5083
5084
5085
5086
5088
5089
5090
5091
5092
5096
5097
5098
5099
5100
5102
5103
5106
5107
5112
5114
5115
5118
5119
5120
5121
5123
5124
5126
5127
5128
5129
5130
5132
5137
5140
5142
5144
5146
5147
5148
5149
5150
5152
5153
5154
5156
5157
5158
5160
5161
5163
5164
5165
5166
5167
5169
5170
5171
5172
5173
5175
5176
5177
5179
5180
5183
5184
5185
5188
5191
5192
5193
5194
5195
5197
5198
5200
5204
5205
5206
5207
5208
5210
5211
5213
5214
5215
5216
5217
5218
5220
5221
5223
5224
5225
5227
5228
5229
5231
5232
5233
5234
5235
5237
5239
5243
5246
5247
5248
5249
5251
5252
5255
5256
5258
5260
5262
5263
5264
5265
5266
5267
5270
5271
5272
5273
5274
5275
5276
5277
5278
5279
5280
5281
5282
5283
5284
5286
5287
5288
5292
5293
5295
5296
5297
5298
5299
5301
5305
5306
5309
5310
5314
5315
5316
5317
5318
5320
5321
5322
5324
5325
5327
5328
5330
5331
5334
5335
5336
5337
5339
5340
5341
5342
5345
5346
5348
5351
5353
5354
5355
5356
5357
5358
5360
5362
5363
5365
5368
5369
5371
5372
5373
5374
5375
5377
5378
5379
5380
5382
5383
5384
5386
5387
5388
5389
5393
5396
5397
5398
5400
5401
5402
5404
5406
5407
5408
5409
5411
5412
5413
5414
5415
5417
5418
5419
5420
5421
5422
5424
5425
5426
5429
5430
5432
5433
5436
5437
5438
5439
5440
5441
5442
5444
5447
5448
5449
5450
5451
5452
5453
5454
5455
5456
5458
5459
5460
5461
5462
5463
5467
5469
5470
5471
5472
5473
5474
5477
5480
5481
5482
5483
5484
5485
5488
5489
5490
5492
5493
5494
5495
5497
5499
5500
5501
5502
5503
5504
5506
5508
5509
5512
5513
5515
5516
5517
5518
5519
5520
5521
5522
5523
5524
5525
5526
5527
5528
5529
5530
5531
5532
5533
5534
5535
5536
5539
5540
5543
5545
5546
5547
5549
5551
5555
5557
5558
5559
5561
5562
5563
5564
5567
5568
5569
5571
5574
5575
5576
5578
5581
5582
5583
5585
5586
5588
5589
5590
5591
5592
5593
5594
5595
5596
5597
5601
5603
5605
5606
5607
5608
5609
5610
5611
5612
5614
5615
5616
5617
5618
5619
5620
5621
5622
5623
5624
5625
5628
5635
5637
5639
5642
5643
5647
5648
5650
5653
5655
5656
5657
5658
5659
5661
5662
5663
5666
5668
5670
5671
5672
5673
5675
5676
5677
5678
5679
5680
5683
5684
5685
5686
5687
5688
5689
5690
5691
5694
5695
5696
5697
5698
5699
5700
5701
5702
5703
5704
5705
5706
5707
5709
5710
5711
5712
5713
5715
5716
5717
5718
5720
5721
5723
5724
5726
5728
5729
5730
5731
5734
5735
5736
5737
5738
5739
5741
5743
5744
5745
5746
5748
5749
5750
5751
5752
5754
5755
5757
5760
5761
5762
5763
5764
5765
5766
5767
5770
5771
5772
5773
5775
5776
5777
5778
5783
5784
5785
5786
5787
5788
5790
5791
5792
5793
5794
5795
5796
5797
5799
5800
5803
5806
5807
5808
5810
5811
5812
5814
5815
5816
5818
5819
5820
5821
5822
5823
5824
5826
5829
5830
5831
5832
5835
5837
5839
5840
5841
5842
5843
5844
5845
5846
5847
5848
5849
5850
5851
5852
5854
5855
5856
5857
5858
5861
5862
5864
5866
5867
5868
5870
5871
5872
5873
5874
5875
5877
5878
5879
5883
5884
5885
5886
5887
5888
5889
5890
5891
5892
5893
5895
5897
5900
5901
5902
5903
5904
5905
5906
5908
5909
5911
5912
5914
5916
5917
5921
5922
5923
5925
5926
5927
5928
5929
5930
5931
5933
5934
5935
5938
5939
5940
5942
5943
5946
5947
5948
5950
5951
5954
5957
5959
5961
5963
5964
5965
5966
5967
5968
5969
5970
5971
5974
5976
5977
5978
5979
5980
5981
5984
5985
5986
5987
5988
5989
5991
5992
5995
5997
5998
5999
6000
6001
6002
6003
6004
6005
6007
6008
6009
6011
6012
6014
6015
6016
6019
6020
6021
6022
6024
6025
6028
6030
6031
6032
6033
6034
6036
6037
6038
6039
6040
6041
6044
6048
6051
6052
6053
6054
6055
6057
6058
6059
6060
6062
6064
6065
6066
6067
6069
6070
6071
6075
6077
6078
6081
6082
6083
6085
6086
6088
6089
6090
6091
6092
6093
6094
6095
6097
6100
6103
6104
6106
6107
6108
6109
6110
6111
6112
6113
6114
6115
6116
6118
6121
6123
6124
6126
6127
6129
6131
6133
6134
6135
6136
6139
6140
6142
6144
6145
6149
6150
6151
6152
6153
6154
6155
6156
6157
6160
6161
6162
6163
6165
6166
6167
6168
6169
6172
6173
6174
6175
6176
6178
6179
6180
6181
6184
6186
6188
6189
6190
6191
6194
6195
6197
6198
6199
6200
6201
6202
6204
6205
6209
6210
6211
6212
6213
6214
6216
6217
6220
6222
6223
6225
6228
6229
6232
6234
6235
6236
6238
6239
6240
6242
6243
6244
6245
6246
6249
6252
6253
6254
6255
6256
6257
6258
6260
6261
6262
6263
6266
6267
6269
6271
6272
6275
6277
6278
6279
6281
6283
6284
6286
6287
6288
6289
6290
6292
6294
6295
6297
6299
6300
6301
6302
6303
6305
6306
6309
6310
6311
6315
6316
6318
6320
6321
6324
6325
6326
6327
6332
6333
6335
6336
6337
6338
6339
6340
6341
6342
6344
6345
6346
6347
6349
6352
6354
6356
6357
6358
6359
6360
6361
6362
6363
6364
6365
6366
6367
6368
6369
6370
6371
6372
6376
6377
6378
6380
6386
6387
6388
6390
6392
6393
6394
6395
6396
6397
6399
6400
6401
6402
6403
6404
6406
6407
6408
6409
6411
6414
6420
6421
6423
6424
6425
6427
6429
6431
6435
6436
6437
6438
6439
6441
6442
6446
6447
6448
6449
6450
6451
6452
6453
6458
6459
6460
6465
6469
6470
6472
6474
6475
6476
6477
6478
6480
6481
6482
6483
6484
6485
6486
6487
6488
6489
6490
6492
6493
6494
6495
6496
6498
6499
6500
6501
6505
6506
6507
6509
6510
6512
6513
6514
6515
6516
6517
6518
6520
6521
6523
6524
6525
6528
6529
6530
6531
6532
6534
6535
6536
6537
6539
6540
6541
6542
6543
6544
6545
6547
6549
6550
6551
6552
6555
6556
6557
6558
6559
6563
6565
6566
6567
6569
6571
6572
6573
6574
6575
6576
6577
6578
6579
6581
6582
6585
6586
6587
6588
6590
6591
6592
6595
6596
6597
6598
6599
6602
6605
6608
6609
6611
6612
6613
6615
6619
6620
6621
6622
6623
6625
6626
6627
6628
6629
6631
6632
6633
6635
6638
6639
6640
6642
6645
6646
6647
6649
6650
6651
6652
6655
6656
6659
6660
6661
6664
6665
6666
6668
6669
6670
6671
6672
6674
6675
6676
6677
6679
6681
6682
6683
6684
6687
6689
6690
6692
6693
6694
6695
6696
6697
6698
6699
6700
6701
6703
6704
6705
6706
6707
6709
6710
6712
6715
6716
6717
6718
6721
6722
6724
6726
6731
6732
6735
6736
6737
6739
6740
6742
6743
6744
6745
6746
6748
6749
6750
6753
6755
6757
6758
6761
6762
6767
6768
6770
6771
6772
6773
6775
6776
6780
6781
6783
6784
6785
6786
6787
6791
6795
6796
6798
6799
6801
6803
6804
6805
6806
6807
6808
6809
6810
6812
6813
6814
6815
6817
6818
6819
6821
6822
6825
6827
6828
6829
6830
6831
6833
6834
6836
6837
6839
6840
6841
6842
6844
6847
6848
6849
6850
6851
6852
6853
6855
6856
6859
6860
6861
6862
6863
6865
6867
6868
6869
6871
6872
6873
6874
6875
6876
6877
6878
6879
6880
6881
6882
6884
6885
6887
6888
6889
6890
6891
6892
6893
6895
6897
6900
6903
6904
6905
6906
6907
6908
6910
6913
6915
6917
6918
6919
6920
6921
6922
6923
6924
6925
6926
6927
6928
6929
6930
6931
6932
6933
6934
6935
6936
6938
6939
6941
6944
6947
6948
6949
6950
6951
6954
6955
6957
6959
6960
6963
6964
6965
6966
6967
6970
6972
6973
6974
6975
6976
6977
6978
6979
6980
6982
6983
6985
6986
6987
6988
6990
6992
6993
6994
6995
6997
6998
6999
7000
7001
7002
7005
7006
7007
7009
7011
7013
7014
7015
7017
7018
7019
7020
7021
7022
7025
7027
7028
7029
7030
7031
7032
7035
7036
7038
7039
7040
7041
7042
7043
7044
7045
7047
7049
7052
7053
7054
7055
7056
7057
7058
7059
7062
7064
7065
7068
7069
7070
7073
7074
7075
7077
7078
7079
7081
7082
7083
7084
7085
7086
7087
7088
7089
7090
7091
7094
7095
7097
7100
7101
7102
7103
7106
7107
7108
7109
7111
7112
7114
7118
7120
7121
7122
7124
7125
7126
7127
7128
7129
7130
7131
7133
7134
7135
7136
7137
7138
7139
7140
7141
7142
7144
7145
7146
7147
7148
7149
7150
7151
7155
7156
7157
7158
7159
7160
7161
7163
7164
7165
7166
7167
7168
7171
7172
7173
7174
7175
7177
7178
7179
7180
7182
7183
7186
7187
7188
7190
7191
7192
7193
7194
7195
7196
7198
7200
7201
7204
7205
7206
7207
7208
7209
7210
7211
7212
7214
7216
7218
7219
7220
7221
7222
7225
7229
7230
7231
7232
7233
7234
7235
7238
7240
7241
7248
7249
7250
7251
7252
7253
7254
7256
7257
7258
7259
7260
7261
7262
7263
7264
7265
7266
7267
7269
7270
7271
7272
7275
7276
7277
7278
7281
7282
7284
7287
7288
7289
7292
7293
7294
7295
7296
7297
7298
7299
7300
7302
7303
7304
7305
7306
7307
7308
7311
7312
7314
7315
7318
7319
7324
7330
7334
7335
7337
7338
7339
7342
7343
7344
7345
7346
7348
7350
7351
7353
7356
7359
7360
7361
7362
7363
7364
7365
7367
7368
7370
7372
7374
7375
7376
7378
7379
7380
7382
7384
7385
7386
7387
7389
7392
7393
7395
7396
7397
7399
7400
7402
7403
7404
7405
7406
7407
7408
7409
7410
7411
7412
7414
7415
7417
7419
7422
7423
7424
7426
7428
7429
7431
7432
7434
7435
7436
7437
7440
7442
7443
7444
7445
7446
7452
7454
7456
7457
7459
7461
7462
7463
7464
7465
7466
7467
7470
7471
7472
7473
7475
7476
7478
7479
7480
7481
7482
7483
7485
7487
7489
7490
7491
7493
7494
7496
7497
7498
7499
7501
7502
7503
7504
7505
7507
7508
7510
7511
7512
7513
7514
7515
7516
7517
7519
7520
7522
7523
7524
7526
7528
7529
7530
7533
7534
7535
7536
7537
7538
7540
7541
7543
7544
7545
7546
7547
7548
7549
7551
7552
7553
7554
7555
7561
7562
7565
7566
7567
7568
7569
7571
7572
7576
7577
7578
7580
7583
7584
7587
7588
7590
7593
7594
7597
7599
7600
7601
7602
7603
7605
7606
7607
7608
7609
7610
7611
7613
7614
7616
7617
7618
7619
7620
7622
7623
7624
7628
7629
7630
7633
7635
7636
7637
7638
7639
7640
7641
7642
7643
7644
7645
7647
7648
7649
7650
7651
7652
7653
7654
7655
7656
7658
7659
7661
7662
7664
7665
7666
7667
7668
7672
7674
7676
7677
7680
7683
7684
7687
7688
7692
7694
7695
7696
7697
7700
7701
7702
7703
7704
7706
7707
7708
7709
7710
7711
7712
7714
7716
7717
7718
7720
7721
7723
7725
7726
7727
7730
7731
7733
7734
7735
7736
7737
7738
7739
7740
7741
7744
7745
7746
7753
7754
7756
7758
7760
7761
7762
7763
7764
7765
7766
7767
7768
7769
7770
7771
7772
7773
7774
7775
7776
7781
7783
7784
7785
7787
7788
7789
7790
7791
7792
7794
7795
7796
7797
7799
7800
7801
7802
7803
7804
7806
7808
7811
7813
7814
7815
7816
7817
7820
7821
7823
7824
7825
7826
7827
7828
7831
7832
7835
7836
7838
7840
7843
7844
7845
7847
7849
7850
7851
7852
7854
7856
7857
7858
7859
7860
7862
7863
7865
7866
7868
7870
7871
7872
7873
7876
7877
7878
7879
7880
7881
7882
7883
7884
7885
7887
7888
7889
7891
7892
7893
7894
7895
7898
7899
7900
7901
7902
7903
7904
7905
7906
7908
7910
7911
7912
7913
7914
7915
7916
7920
7923
7925
7927
7929
7930
7931
7932
7933
7935
7936
7937
7939
7940
7941
7945
7946
7947
7948
7949
7951
7952
7953
7954
7956
7957
7960
7963
7965
7966
7967
7968
7969
7971
7972
7973
7974
7975
7976
7977
7979
7980
7981
7982
7983
7984
7985
7987
7988
7990
7991
7992
7995
7996
7997
7998
8000
8003
8004
8005
8006
8009
8010
8011
8012
8013
8014
8016
8019
8023
8024
8025
8026
8027
8028
8030
8031
8033
8034
8035
8036
8037
8039
8042
8043
8046
8047
8048
8049
8050
8054
8055
8057
8058
8059
8060
8061
8062
8064
8065
8066
8067
8068
8071
8072
8073
8074
8075
8076
8077
8078
8079
8080
8081
8084
8085
8087
8088
8089
8090
8091
8092
8093
8094
8095
8096
8097
8099
8100
8101
8103
8105
8108
8111
8112
8113
8114
8115
8116
8117
8118
8120
8121
8122
8124
8126
8128
8129
8132
8133
8135
8136
8138
8139
8140
8142
8144
8145
8146
8149
8150
8151
8152
8153
8155
8156
8158
8159
8160
8162
8163
8166
8169
8173
8175
8176
8177
8178
8179
8180
8182
8183
8184
8185
8186
8188
8191
8192
8193
8194
8197
8200
8201
8202
8204
8205
8206
8207
8208
8210
8211
8212
8213
8215
8217
8219
8221
8222
8223
8224
8226
8228
8230
8231
8232
8233
8234
8235
8236
8238
8241
8242
8243
8244
8246
8247
8248
8251
8252
8253
8254
8255
8257
8258
8259
8262
8263
8264
8266
8267
8269
8270
8271
8273
8274
8275
8277
8278
8280
8281
8282
8283
8284
8285
8286
8287
8288
8289
8290
8291
8292
8295
8296
8297
8298
8299
8300
8301
8303
8304
8305
8310
8311
8312
8313
8314
8316
8318
8320
8321
8322
8323
8324
8326
8327
8328
8330
8332
8335
8340
8341
8343
8346
8348
8350
8352
8353
8354
8357
8358
8359
8360
8361
8362
8363
8364
8365
8367
8368
8371
8373
8374
8376
8377
8379
8380
8381
8383
8384
8385
8386
8387
8388
8390
8391
8392
8394
8395
8396
8397
8398
8399
8401
8402
8403
8404
8407
8409
8410
8411
8414
8416
8417
8418
8419
8421
8422
8423
8424
8425
8426
8428
8429
8430
8433
8435
8436
8437
8439
8440
8441
8442
8444
8445
8447
8448
8449
8452
8453
8455
8456
8458
8460
8462
8463
8464
8467
8468
8469
8470
8471
8472
8473
8476
8477
8479
8480
8481
8482
8485
8486
8487
8488
8489
8490
8492
8494
8495
8496
8497
8498
8500
8501
8503
8504
8505
8508
8510
8511
8513
8515
8518
8519
8520
8521
8522
8523
8524
8525
8528
8531
8532
8533
8534
8536
8537
8538
8539
8541
8542
8543
8545
8546
8547
8548
8549
8550
8551
8554
8555
8557
8558
8559
8563
8567
8568
8569
8570
8575
8578
8579
8580
8581
8582
8583
8584
8585
8586
8587
8588
8590
8591
8593
8594
8595
8597
8599
8600
8601
8602
8603
8604
8605
8606
8607
8609
8610
8611
8612
8614
8616
8617
8619
8621
8624
8625
8626
8627
8628
8629
8630
8632
8633
8634
8635
8636
8638
8639
8641
8642
8643
8644
8648
8649
8650
8654
8655
8657
8658
8660
8661
8662
8663
8664
8665
8666
8667
8668
8672
8673
8676
8677
8678
8679
8680
8682
8684
8685
8686
8687
8688
8691
8693
8694
8696
8697
8698
8701
8702
8704
8705
8707
8710
8711
8712
8713
8715
8716
8717
8718
8719
8720
8721
8724
8727
8728
8729
8730
8732
8733
8734
8735
8736
8738
8739
8740
8741
8742
8743
8744
8747
8750
8751
8752
8755
8756
8757
8758
8759
8760
8761
8762
8763
8764
8765
8767
8768
8769
8770
8771
8772
8775
8777
8779
8782
8783
8786
8788
8789
8790
8791
8792
8793
8796
8797
8798
8799
8801
8802
8804
8806
8808
8809
8810
8811
8813
8814
8815
8816
8817
8818
8819
8821
8822
8824
8825
8827
8828
8829
8830
8833
8834
8835
8840
8841
8842
8843
8844
8847
8848
8849
8850
8853
8855
8856
8857
8858
8860
8861
8862
8863
8864
8866
8869
8871
8872
8873
8874
8876
8877
8878
8880
8882
8884
8886
8887
8890
8892
8893
8894
8895
8896
8901
8902
8903
8907
8908
8909
8911
8912
8913
8914
8915
8916
8918
8919
8920
8921
8922
8923
8927
8928
8929
8930
8935
8936
8937
8938
8939
8940
8942
8943
8945
8947
8950
8951
8954
8955
8956
8958
8960
8961
8962
8963
8964
8967
8969
8970
8971
8972
8974
8978
8980
8981
8982
8983
8985
8986
8987
8988
8989
8993
8998
8999
9000
9001
9002
9003
9005
9006
9007
9009
9011
9012
9014
9015
9016
9017
9019
9021
9022
9023
9024
9025
9026
9029
9033
9034
9037
9038
9040
9041
9042
9044
9048
9049
9052
9056
9057
9058
9060
9061
9062
9063
9064
9065
9066
9068
9069
9070
9071
9072
9073
9074
9075
9076
9077
9080
9081
9082
9083
9084
9085
9086
9088
9089
9090
9091
9092
9094
9095
9097
9099
9101
9102
9103
9104
9106
9107
9108
9109
9111
9112
9113
9114
9115
9116
9119
9120
9121
9122
9123
9126
9127
9128
9129
9130
9131
9132
9134
9136
9138
9139
9140
9141
9144
9145
9146
9150
9151
9152
9153
9154
9155
9158
9159
9161
9162
9163
9164
9165
9166
9167
9168
9169
9171
9172
9173
9177
9178
9179
9183
9184
9185
9186
9189
9190
9191
9192
9193
9194
9197
9198
9199
9200
9201
9202
9204
9205
9206
9207
9208
9209
9210
9211
9212
9213
9214
9217
9218
9219
9220
9222
9223
9225
9226
9227
9228
9229
9236
9241
9242
9243
9244
9245
9246
9247
9248
9249
9250
9251
9252
9253
9254
9255
9256
9257
9258
9260
9261
9262
9263
9264
9265
9266
9268
9271
9272
9273
9275
9277
9278
9279
9280
9282
9283
9284
9286
9287
9288
9289
9290
9293
9294
9295
9297
9301
9303
9304
9306
9307
9309
9310
9311
9315
9318
9319
9320
9321
9323
9324
9325
9326
9327
9328
9329
9330
9333
9334
9336
9337
9338
9339
9340
9341
9342
9343
9344
9345
9346
9347
9348
9349
9352
9354
9356
9357
9359
9360
9361
9363
9364
9372
9374
9376
9377
9379
9380
9381
9382
9385
9386
9387
9388
9390
9392
9393
9396
9398
9400
9401
9403
9404
9405
9406
9407
9408
9409
9410
9411
9412
9413
9415
9416
9419
9420
9421
9422
9424
9426
9427
9429
9430
9431
9432
9434
9435
9436
9437
9440
9441
9442
9444
9445
9446
9447
9449
9451
9452
9455
9457
9459
9460
9461
9463
9465
9466
9467
9468
9469
9470
9471
9472
9473
9476
9477
9478
9479
9480
9481
9483
9484
9486
9488
9489
9490
9492
9494
9495
9497
9498
9499
9500
9501
9502
9503
9504
9506
9507
9508
9509
9510
9511
9512
9513
9514
9516
9517
9518
9519
9522
9523
9524
9525
9526
9532
9534
9535
9537
9538
9540
9541
9543
9544
9546
9549
9550
9551
9552
9553
9554
9555
9556
9558
9559
9560
9562
9564
9565
9566
9567
9568
9569
9570
9571
9574
9576
9578
9579
9582
9584
9585
9586
9587
9588
9589
9591
9593
9594
9595
9596
9597
9599
9600
9604
9605
9606
9608
9609
9611
9612
9613
9619
9620
9621
9623
9624
9625
9627
9628
9629
9630
9632
9633
9634
9635
9637
9640
9641
9642
9643
9644
9645
9646
9647
9648
9651
9653
9655
9658
9660
9661
9662
9663
9664
9665
9666
9667
9668
9669
9670
9672
9673
9674
9676
9677
9679
9680
9682
9683
9684
9685
9686
9688
9690
9692
9694
9696
9697
9698
9699
9700
9702
9703
9704
9708
9709
9711
9712
9713
9716
9718
9719
9720
9721
9722
9723
9724
9725
9726
9727
9729
9731
9732
9733
9734
9736
9738
9739
9740
9741
9743
9744
9745
9747
9748
9749
9750
9752
9755
9758
9759
9760
9761
9762
9763
9765
9766
9767
9768
9769
9770
9771
9772
9774
9775
9776
9779
9782
9784
9785
9786
9787
9789
9790
9791
9792
9793
9794
9796
9797
9798
9800
9801
9802
9804
9805
9807
9808
9809
9810
9812
9814
9815
9816
9817
9819
9820
9823
9824
9826
9828
9830
9831
9833
9834
9836
9837
9839
9840
9841
